tree
version=v4
num_class=1
num_tree_per_iteration=1
label_index=0
max_feature_idx=23
objective=regression
feature_names=open high low close volume ret_1m ret_5m ret_15m vol_15m vol_60m ema_10 ema_20 ema_50 macd macd_signal macd_hist rsi_14 bb_low bb_mid bb_high bb_width atr_14 vol_ma_20 vol_ma_ratio
feature_infos=[98344.75:124447.71875] [98411.21875:124474] [98200:124284] [98344.75:124447.7265625] [0.070150002837181091:1175.5797119140625] [-0.012501612305641174:0.010037649422883987] [-0.029170755296945572:0.021995414048433304] [-0.031107069924473763:0.023831110447645187] [5.5355329209305637e-08:0.0052529321983456612] [1.9118497220915742e-05:0.0028521104250103235] [98463.6640625:124160.1953125] [98547.734375:124030.8984375] [98704.96875:123820.2734375] [-614.8299560546875:697.328857421875] [-322.00726318359375:250.84901428222656] [-491.319091796875:633.481689453125] [1.6676942110061646:99.125106811523438] [98212.0390625:123659.3046875] [98484.6875:124017.1640625] [98620.9609375:124444.1640625] [1.860466056768928e-07:0.039967760443687439] [0.25095769762992859:409.10324096679688] [0.37731701135635376:242.13449096679688] [0.014862613752484322:17.159875869750977]
tree_sizes=6281 6309 6274 6288 6284 6291 6287

Tree=0
num_leaves=64
num_cat=0
split_feature=1 9 21 15 21 1 9 13 20 9 7 14 14 15 0 13 20 9 23 9 1 18 14 17 19 19 19 20 17 21 15 18 18 19 15 9 7 9 17 19 13 14 9 9 20 21 13 14 7 9 20 9 10 15 17 18 19 14 19 7 9 20 20
split_gain=0.000419745 0.000600687 0.000548624 0.0004124 0.000435456 0.000475947 0.000328789 0.000392427 0.00037356 0.000320401 0.000224475 0.000223341 0.000308153 0.000211874 0.000211413 0.000202388 0.000197623 0.000393819 0.000193511 0.000188796 0.000185166 0.000313175 0.000244381 0.000241241 0.000166568 0.000202328 0.000163024 0.000345237 0.000247715 0.000345758 0.000223769 0.000263521 0.000196963 0.00034523 0.000296509 0.000262048 0.000300693 0.000189072 0.000196617 0.000246889 0.000187034 0.000181936 0.000179586 0.000166345 0.000337997 0.000291509 0.000232758 0.000165273 0.000275864 0.000158616 0.000264789 0.000150832 0.000150044 0.000138159 0.0001874 0.000137853 0.000195466 0.000164372 0.000133933 0.000130054 0.000128432 0.000187237 0.000128626
threshold=118982.37500000001 0.001090900623239577 122.71609497070314 -88.133815765380845 163.75043487548831 102320.26171875001 0.00081452328595332812 -206.12091064453122 0.0073364984709769496 0.0011743308277800681 -0.0021606342634186144 2.1498092412948613 59.91937446594239 135.05655670166018 113226.82812500001 202.51236724853518 0.0030255166348069911 0.00050239078700542461 1.0395876169204714 0.00073292132583446812 104091.83984375001 114043.73828125001 31.247920036315922 116574.70703125001 119839.91796875001 119308.41015625001 105054.07421875001 0.0092776729725301283 104969.42187500001 103.2223587036133 -60.431781768798821 111855.08593750001 103298.91406250001 101548.38671875001 -74.936927795410142 0.00070116284769028436 -0.0014718781458213923 0.00065923266811296355 108760.61718750001 109577.13671875001 -127.92723846435545 -23.151216506958004 0.000474930347991176 0.0005754426820203663 0.0018457045080140235 70.224140167236342 -30.254867553710934 -11.208732604980467 -0.0048301585484296075 0.00091800544760189961 0.0067935911938548097 0.00052942492766305815 102272.00390625001 -44.464651107788079 100368.79687500001 101758.79296875001 103221.93359375001 -16.215712547302243 111056.66796875001 -0.0020407474366948004 0.00083437893772497784 0.0055045303888618955 0.0086318920366466063
decision_type=2 2 2 2 2 2 2 2 2 2 2 2 2 2 2 2 2 2 2 2 2 2 2 2 2 2 2 2 2 2 2 2 2 2 2 2 2 2 2 2 2 2 2 2 2 2 2 2 2 2 2 2 2 2 2 2 2 2 2 2 2 2 2
left_child=2 16 9 6 10 -6 7 -4 59 15 49 13 -13 -7 -15 26 17 -2 -9 -12 22 -22 -10 -23 25 -19 27 32 29 -28 31 37 33 34 -1 36 41 38 40 -40 -30 -35 -43 45 -45 -34 -47 48 -39 50 -5 -41 -21 54 -36 -37 57 -57 -49 -8 62 -62 -33
right_child=1 -3 3 4 5 11 8 18 20 -11 19 12 -14 14 -16 -17 -18 24 -20 52 21 23 -24 -25 -26 -27 28 -29 30 -31 -32 60 43 35 53 55 -38 47 39 51 -42 42 -44 44 -46 46 -48 58 -50 -51 -52 -53 -54 -55 -56 56 -58 -59 -60 -61 61 -63 -64
leaf_value=0.00015042045029272356 -1.3731176640790063e-07 -0.00016744482295391215 0.00015033493870702437 -0.00012421449213912214 0.00019721775415365729 0.0001634040411024816 7.7352167834518284e-05 5.2170683076606031e-05 6.0275143535483746e-05 -6.4078743931387025e-05 0.00010847595141570472 -1.9922637392726954e-05 0.0001136269726999685 -1.724642749597228e-05 0.00012230993189094085 -5.8693736091681452e-05 -9.3358056858142102e-06 2.2781480188820668e-06 -5.1006798204526224e-05 8.0135995449370168e-05 -9.7550910728469743e-05 5.8767015776772299e-05 -7.5410368945625785e-05 -5.9363299341768123e-05 1.9394082581230798e-05 8.9488346607525675e-05 -3.659574867627361e-06 -0.00010270996267176864 8.3846847617009211e-05 -0.00010566003098059765 9.1983858356828571e-06 2.7085960133011144e-05 1.9036679198313482e-05 -0.00013114611085847887 -7.4759766164012042e-05 2.1858424449601056e-05 1.0542329955015923e-05 1.7081616890037389e-05 -8.2740494156185112e-05 1.8240237058115184e-05 1.8302327687897801e-05 5.0198132328266901e-06 -0.00010672458967098304 0.00015656631776243433 3.1785554469908702e-05 -0.00012478293141154014 2.3538568913676479e-06 1.2518352833064157e-05 -0.00013037119059548934 2.6285599154705867e-05 2.7230950126457242e-05 -3.2079821352500698e-05 2.7521934635351524e-05 3.6107133191595568e-05 4.7195096167592638e-05 -2.4524655573031473e-05 -4.1755039823755705e-07 -0.00012673715841729564 -7.7668567821882086e-05 1.0427115154543621e-05 2.4126113800680487e-05 -9.2252737651799883e-05 9.4539270143760101e-05
leaf_weight=51 3888 54 77 62 82 82 113 137 95 146 96 125 66 51 58 107 3388 92 68 159 193 80 51 94 487 240 1845 61 121 87 93084 3838 6777 54 72 59 1453 53 95 495 1083 128 50 57 1133 63 84 233 79 133 54 213 917 567 56 59 85 118 50 203 93 55 72
leaf_count=51 3888 54 77 62 82 82 113 137 95 146 96 125 66 51 58 107 3388 92 68 159 193 80 51 94 487 240 1845 61 121 87 93084 3838 6777 54 72 59 1453 53 95 495 1083 128 50 57 1133 63 84 233 79 133 54 213 917 567 56 59 85 118 50 203 93 55 72
internal_value=9.7318e-06 -1.23621e-06 1.05045e-05 3.16218e-05 4.58634e-05 8.79191e-05 7.45842e-06 5.40947e-05 -8.4058e-06 9.94299e-06 3.2131e-05 6.4457e-05 2.62254e-05 0.000102689 5.70129e-05 1.0039e-05 -1.2747e-07 6.5005e-06 1.7946e-05 4.12909e-05 -3.47484e-05 -5.36951e-05 1.28781e-05 -5.05051e-06 3.80119e-05 6.53217e-05 1.01044e-05 1.59073e-05 9.47971e-06 -8.25276e-06 9.8238e-06 1.88078e-05 1.65732e-05 5.01419e-06 3.40542e-05 -5.78533e-06 2.10233e-06 5.75632e-06 1.21088e-05 -7.05409e-06 2.48894e-05 -5.07568e-05 -2.63691e-05 2.04936e-05 3.77624e-05 1.75257e-05 -5.21333e-05 -2.49654e-05 -7.11667e-05 -1.09833e-05 -5.3714e-05 3.10158e-06 3.52967e-05 2.55151e-05 -2.14045e-05 -4.71894e-05 -6.27383e-05 -9.26663e-05 -3.41573e-06 3.43592e-05 2.65975e-05 -1.91228e-05 2.83281e-05
internal_weight=123821 8149 115672 2996 1885 464 1111 282 829 112676 1421 382 191 191 109 112530 8095 4707 205 1172 513 367 146 174 819 332 112423 10927 101496 1932 99564 6480 10866 2752 746 2006 1685 2422 2007 803 1204 232 178 8114 1190 6924 147 415 132 249 116 708 1076 695 128 321 262 177 283 316 4058 148 3910
internal_count=123821 8149 115672 2996 1885 464 1111 282 829 112676 1421 382 191 191 109 112530 8095 4707 205 1172 513 367 146 174 819 332 112423 10927 101496 1932 99564 6480 10866 2752 746 2006 1685 2422 2007 803 1204 232 178 8114 1190 6924 147 415 132 249 116 708 1076 695 128 321 262 177 283 316 4058 148 3910
is_linear=0
shrinkage=1


Tree=1
num_leaves=64
num_cat=0
split_feature=3 8 15 21 2 21 22 12 15 22 6 9 20 15 22 9 19 11 20 19 7 14 8 16 10 15 11 9 22 19 21 20 12 22 22 21 21 12 7 8 9 14 9 20 21 15 15 20 21 22 0 3 7 15 22 22 9 8 7 21 14 20 14
split_gain=0.000360359 0.000518988 0.000482669 0.000472925 0.000502931 0.000426184 0.000275023 0.00046727 0.000257091 0.000243374 0.000253191 0.000202006 0.000285731 0.000155141 0.000214004 0.000202364 0.00015048 0.000239411 0.000393937 0.000270922 0.000224233 0.000207387 0.000171114 0.000167506 0.000156219 0.000179202 0.000248768 0.000202783 0.000247393 0.000224714 0.000169721 0.000159613 0.000156014 0.000172224 0.000174594 0.000155401 0.000153685 0.000231717 0.000152707 0.000148518 0.000207607 0.000146854 0.000146738 0.000306256 0.000261082 0.000206467 0.000146638 0.000435251 0.000169625 0.000148655 0.000145357 0.000462684 0.000204662 0.000143872 0.000137847 0.000141732 0.000234878 0.000134333 0.000134249 0.000141766 0.000294365 0.000186395 0.000199986
threshold=119003.58593750001 0.00096771202515810739 -103.81381988525389 163.75043487548831 101723.89062500001 139.19167327880862 44.098918914794929 105039.46875000001 105.25169754028322 49.92937088012696 -0.0028910991968587037 0.00042145431507378822 0.0030029512709006671 21.984829902648929 16.200978279113773 0.00065923266811296355 105054.07421875001 103302.61718750001 0.0080802352167665976 101548.38671875001 -0.0013275697128847239 22.865328788757328 0.00038499366200994706 35.494428634643562 105230.03125000001 -60.431781768798821 112360.21093750001 0.00065923266811296355 25.28387546539307 107820.01562500001 97.362636566162124 0.010263639036566021 113771.28515625001 13.409840106964113 58.189916610717781 103.2223587036133 58.257816314697273 116002.72656250001 -0.0035549523308873172 0.00054615089902654301 0.00049210857832804333 -16.960823059082028 0.0005754426820203663 0.0018457045080140235 70.224140167236342 -50.986770629882805 34.753427505493171 0.0016816516290418806 56.097467422485359 19.428717613220218 111285.85937500001 103896.48046875001 -0.0025389154907315965 -36.862449645996087 7.5301635265350351 17.199655532836918 0.00079465069575235258 0.00071691256016492854 -0.0033390844473615284 88.214096069335952 -33.176080703735344 0.0086318920366466063 15.229526519775392
decision_type=2 2 2 2 2 2 2 2 2 2 2 2 2 2 2 2 2 2 2 2 2 2 2 2 2 2 2 2 2 2 2 2 2 2 2 2 2 2 2 2 2 2 2 2 2 2 2 2 2 2 2 2 2 2 2 2 2 2 2 2 2 2 2
left_child=1 16 9 13 -5 11 -6 -8 41 -3 -11 -2 46 -4 -15 -16 17 18 19 21 22 23 -21 -1 35 26 27 38 29 -29 -31 -27 -28 36 -35 -18 -34 -38 57 40 53 -7 44 -44 -19 -46 49 -48 -49 -13 51 52 -12 -24 -25 -56 -57 -26 -14 -60 -61 62 -62
right_child=5 2 3 4 6 8 7 -9 -10 10 50 12 58 14 15 -17 24 42 -20 20 -22 -23 39 54 25 31 32 28 -30 30 -32 -33 33 34 -36 -37 37 -39 -40 -41 -42 -43 43 -45 45 -47 47 48 -50 -51 -52 -53 -54 -55 55 56 -58 -59 59 60 61 -63 -64
leaf_value=8.9116773001412681e-05 -1.7313009729268377e-05 2.382114952942297e-05 3.7788547377509135e-05 0.00021192913902470741 0.00012611907235180763 -7.2810812590822554e-05 -8.7958763974564777e-05 6.7845214262613523e-05 -2.2321397980599263e-05 3.4954762033418583e-05 5.132560834302543e-05 1.1318279069895194e-05 3.5419167940365459e-05 -9.3771841463475376e-05 -7.8788948541676457e-05 2.1670946769995438e-05 -1.0060132369638981e-05 8.7377786810285768e-06 -0.00010972251435494704 1.2151040769762464e-05 -4.8810184475946485e-06 0.00011884786442631313 9.1155282765006038e-07 5.5507372925896593e-05 1.5980979823224417e-05 -6.3689003006943101e-07 3.9919562551777691e-05 -0.00013892106800261926 1.655531404983545e-05 -1.4203889768418008e-05 -0.00010475270700344878 -6.2318314955648796e-05 1.2222947922311265e-05 2.277784816822477e-05 -5.2014049553106844e-05 -8.3950819202048123e-05 -7.9901441349311094e-05 -4.4447945068363006e-06 -2.126323812798264e-06 -2.5296469435019275e-05 -0.00017383000813424589 -0.00018585317475145084 0.00013943710913927613 2.0634498701574698e-05 -0.00012789262247913998 -8.4847278136796129e-06 0.00016382342297826353 -4.1374351035863566e-05 3.5778792115914604e-05 -4.6593078430364145e-05 -1.3676338432509916e-05 -0.00016163742256666364 -7.5813142268713426e-05 -0.00011619226923215262 -1.9849522565005894e-05 0.0001240197134179385 -1.7055302825091139e-05 9.6393435739615881e-05 -5.9756638154068172e-06 7.6412696590890411e-05 -2.682395010985942e-05 4.0232483947225518e-05 -8.4154669610557806e-05
leaf_weight=69 3486 312 748 63 111 56 62 215 104 106 60 1042 139 51 55 566 2818 6782 90 91 1643 52 54 118 180 92790 567 67 173 207 69 105 709 2128 81 73 135 413 1933 124 58 59 57 1123 62 87 60 89 357 124 144 95 67 51 374 51 70 73 1421 57 377 63 255
leaf_count=69 3486 312 748 63 111 56 62 215 104 106 60 1042 139 51 55 566 2818 6782 90 91 1643 52 54 118 180 92790 567 67 173 207 69 105 709 2128 81 73 135 413 1933 124 58 59 57 1123 62 87 60 89 357 124 144 95 67 51 374 51 70 73 1421 57 377 63 255
internal_value=-5.56841e-08 6.3838e-07 2.24905e-05 3.62907e-05 8.08959e-05 -1.05386e-05 5.96198e-05 3.29721e-05 -7.92884e-05 -1.04432e-05 -3.30926e-05 -8.52302e-06 -8.31785e-07 2.21238e-05 4.6875e-06 1.27735e-05 1.27109e-07 5.69685e-06 -6.78308e-06 -3.42026e-06 -1.28695e-05 2.25973e-05 -4.75919e-05 1.52586e-05 -4.68107e-07 -1.35631e-07 7.73979e-06 -4.00025e-06 -3.21934e-05 -5.67809e-05 -3.68411e-05 -7.06609e-07 1.56053e-05 1.16278e-05 2.00354e-05 -1.19259e-05 -3.14743e-06 -2.30336e-05 2.65467e-06 -6.65348e-05 -9.79063e-05 -0.000130806 1.00743e-05 2.63733e-05 7.29939e-06 -5.81712e-05 1.4914e-05 3.73915e-05 2.03828e-05 5.15961e-06 -5.28003e-05 -7.81779e-05 -1.57476e-05 -5.59674e-05 6.945e-06 -4.63149e-06 4.24061e-05 3.9183e-05 -1.22189e-05 -1.52661e-05 -3.28217e-05 -4.17805e-05 -4.99558e-05
internal_weight=123821 116132 2655 1871 451 7689 388 277 219 784 472 7470 3984 1420 672 621 113477 10956 2845 2755 2021 734 378 682 102521 99630 6735 2702 516 343 276 92895 4033 3466 2209 2891 1257 548 2186 287 163 115 8111 1180 6931 149 1672 506 446 1166 366 222 127 105 613 495 121 253 2312 2173 752 695 632
internal_count=123821 116132 2655 1871 451 7689 388 277 219 784 472 7470 3984 1420 672 621 113477 10956 2845 2755 2021 734 378 682 102521 99630 6735 2702 516 343 276 92895 4033 3466 2209 2891 1257 548 2186 287 163 115 8111 1180 6931 149 1672 506 446 1166 366 222 127 105 613 495 121 253 2312 2173 752 695 632
is_linear=0
shrinkage=0.05


Tree=2
num_leaves=64
num_cat=0
split_feature=3 9 8 15 19 8 13 11 11 2 23 9 20 9 12 19 23 3 12 17 10 9 17 18 13 23 14 9 19 18 20 19 7 14 17 15 11 9 15 17 15 17 8 11 18 14 7 12 19 8 11 18 19 20 6 8 9 20 9 14 13 9 20
split_gain=0.000326054 0.000595501 0.000470389 0.000428937 0.000384946 0.000352992 0.000269912 0.000266761 0.000441049 0.000253834 0.000213964 0.000278282 0.000164175 0.000327526 0.000165958 0.000187151 0.000161848 0.00015716 0.000157042 0.000206083 0.000244161 0.000352146 0.000158472 0.00015501 0.00014961 0.000137957 0.000139712 0.000136321 0.00013346 0.000219698 0.000332579 0.000249255 0.000204416 0.000187167 0.000163099 0.00017488 0.00020542 0.00016641 0.000152123 0.000154556 0.000155604 0.000151585 0.000149207 0.000147165 0.000140211 0.000260263 0.000262216 0.000139898 0.000154891 0.000302943 0.000273023 0.000336128 0.000141385 0.000137932 0.000137923 0.000134724 0.000202747 0.000131828 0.000370744 0.000154503 0.000160017 0.000131091 0.000276324
threshold=118957.51562500001 0.001090900623239577 0.00096771202515810739 -103.81381988525389 101941.76953125001 0.0011507114395499232 202.51236724853518 112298.98828125001 112814.62109375001 111558.23828125001 0.53853383660316478 0.00096496517653577041 0.0030255166348069911 0.00050239078700542461 119609.28125000001 119308.41015625001 0.78841233253479015 112580.95703125001 111190.33203125001 103394.71093750001 106917.36328125001 0.0010200860560871663 104275.82031250001 103031.19140625001 -162.91410064697263 0.70737311244010936 -22.486725807189938 0.0011743308277800681 105054.07421875001 103298.91406250001 0.0080802352167665976 101548.38671875001 -0.0013275697128847239 22.865328788757328 104969.42187500001 -60.431781768798821 112360.21093750001 0.00065923266811296355 -69.985755920410142 100368.79687500001 -36.862449645996087 107666.69140625001 0.00038275445695035165 105229.35156250001 110930.36328125001 -10.153177261352537 -0.0048301585484296075 113771.28515625001 116600.01171875001 0.00065290107158944022 115226.23437500001 114118.72265625001 115961.30468750001 0.0047111541498452434 0.00022162381355883556 0.00054615089902654301 0.00049210857832804333 0.0080802352167665976 0.00048522627912461763 59.91937446594239 111.31571197509767 0.0005754426820203663 0.0018457045080140235
decision_type=2 2 2 2 2 2 2 2 2 2 2 2 2 2 2 2 2 2 2 2 2 2 2 2 2 2 2 2 2 2 2 2 2 2 2 2 2 2 2 2 2 2 2 2 2 2 2 2 2 2 2 2 2 2 2 2 2 2 2 2 2 2 2
left_child=2 12 6 10 5 -5 28 9 -9 18 11 24 13 -2 15 -15 -7 -8 19 23 21 22 -21 -6 -4 26 -10 -13 29 30 31 33 42 38 43 36 37 41 -1 40 -40 -36 -33 -30 45 46 -39 -38 49 -49 51 -51 -52 -43 -42 56 -44 -37 -59 60 -60 -31 -63
right_child=1 -3 3 4 7 16 17 8 25 -11 -12 27 -14 14 -16 -17 -18 -19 -20 20 -22 -23 -24 -25 -26 -27 -28 -29 34 61 -32 32 -34 -35 35 57 47 44 39 -41 54 53 55 -45 -46 -47 -48 48 -50 50 52 -53 -54 -55 -56 -57 -58 58 59 -61 -62 62 -64
leaf_value=9.1951342302183615e-05 -8.6352746310325669e-06 -0.00018173196248244495 6.7714076387095823e-05 2.8086768375230709e-05 2.699067029338974e-05 0.00022145102252993224 -0.00014065479902875756 0.00018922999541665867 0.00013320780744196096 -8.2985175206106628e-05 1.0461887824532703e-05 -0.00014549814477504697 -1.7111308522721438e-05 -7.1795257816117703e-06 8.3189291336782419e-06 7.8768481297573141e-05 9.9013046688786798e-05 -2.3630031849108948e-05 9.8591578786774196e-05 5.4930363265854908e-05 2.1225128429057696e-05 -0.00012222717492417422 -5.42568255606638e-05 0.00012230623054685047 -3.619866989263459e-05 1.7546814529743066e-05 4.6976121366616998e-05 -4.8422513584682749e-05 -1.239925385259939e-05 7.0356990967389434e-06 -0.00010390810145455521 1.1439786867047316e-05 -4.9797279224872966e-06 0.0001129054694432013 2.0788177104246275e-05 -7.5543748399662418e-07 3.7923584582744851e-05 4.5282222314291814e-06 -9.1416051268774592e-05 2.5594703596046506e-05 3.8127838649751013e-05 -1.7292412972360999e-05 -5.2845711204543771e-05 -9.538421904752878e-05 -8.4036943770761065e-05 1.0422284459344212e-05 -0.00013678523452678772 1.2192049367019666e-05 1.8919968739847901e-05 -0.0001055629073946945 -0.0001463838262101159 4.6823061869062481e-05 -5.1714681084683199e-05 1.5699106667678742e-05 -5.9205274239995906e-05 -2.4031646656171252e-05 -0.00017026933262838742 0.0001402330375376257 7.7395833153180629e-05 -7.1021018894103726e-05 -2.1774373335939292e-06 0.00013246525556512591 1.9615022597341805e-05
leaf_weight=58 3946 50 58 92 179 55 52 52 57 70 493 66 3359 88 501 226 53 64 54 73 330 91 61 56 86 373 267 80 1866 6929 85 87 1650 52 783 92847 567 59 65 405 95 972 107 55 93 289 74 875 2236 52 66 119 98 470 59 124 56 62 90 53 212 57 1122
leaf_count=58 3946 50 58 92 179 55 52 52 57 70 493 66 3359 88 501 226 53 64 54 73 330 91 61 56 86 373 267 80 1866 6929 85 87 1650 52 783 92847 567 59 65 405 95 972 107 55 93 289 74 875 2236 52 66 119 98 470 59 124 56 62 90 53 212 57 1122
internal_value=-5.28992e-08 -9.70632e-06 6.29053e-07 2.14681e-05 3.45192e-05 0.000100057 1.41109e-07 2.66372e-05 4.87589e-05 8.50912e-06 -9.58447e-06 -4.36633e-05 -8.64705e-06 -2.67531e-06 2.61812e-05 5.46811e-05 0.000161366 -7.60894e-05 1.60975e-05 1.04587e-05 -6.15879e-06 -4.63219e-05 5.22575e-06 4.97042e-05 5.65508e-06 3.8279e-05 6.21465e-05 -9.2306e-05 2.1944e-07 5.46462e-06 -6.49521e-06 -3.49299e-06 -1.25449e-05 2.14674e-05 -3.44039e-07 -6.6864e-08 7.70298e-06 -2.85067e-06 1.44956e-05 7.29623e-06 -2.65434e-05 3.07753e-06 -4.59204e-05 -1.47752e-05 -2.84628e-05 -1.62154e-05 -7.40973e-05 1.49088e-05 1.1122e-05 -3.28814e-06 -4.37215e-05 4.83469e-07 -8.98132e-05 -6.53928e-06 8.3788e-07 -6.33084e-05 -9.31876e-05 -6.29458e-07 2.74205e-05 7.71801e-06 2.15365e-05 9.65823e-06 2.50709e-05
internal_weight=123821 8170 115651 2646 1863 200 113005 1663 749 914 783 290 8120 4761 815 314 108 116 844 790 555 225 134 235 144 697 324 146 112889 10951 2843 2758 2024 734 101938 100017 6753 2740 682 624 219 2225 374 1921 515 422 133 4013 3446 1210 335 171 164 1442 154 287 163 93264 417 355 302 8108 1179
internal_count=123821 8170 115651 2646 1863 200 113005 1663 749 914 783 290 8120 4761 815 314 108 116 844 790 555 225 134 235 144 697 324 146 112889 10951 2843 2758 2024 734 101938 100017 6753 2740 682 624 219 2225 374 1921 515 422 133 4013 3446 1210 335 171 164 1442 154 287 163 93264 417 355 302 8108 1179
is_linear=0
shrinkage=0.05


Tree=3
num_leaves=64
num_cat=0
split_feature=18 21 9 13 9 22 9 3 2 10 14 9 2 14 15 9 12 12 22 14 3 3 18 18 9 2 15 14 4 21 13 9 12 14 9 12 15 18 11 21 13 22 22 15 9 15 22 9 18 2 13 2 21 2 21 22 14 11 9 11 21 9 3
split_gain=0.000296425 0.000438399 0.000374266 0.000359425 0.000287463 0.000277829 0.000264064 0.00030847 0.000256982 0.000374387 0.000355819 0.000259243 0.000387539 0.000276959 0.00022527 0.000224834 0.000214895 0.000486705 0.000214244 0.000207187 0.000179376 0.000284078 0.000175543 0.000213503 0.00017469 0.000174094 0.000168399 0.000165881 0.000162005 0.000160099 0.000159977 0.000154894 0.000243184 0.000187942 0.00014704 0.000246058 0.000160768 0.000254339 0.000149999 0.000143265 0.000314408 0.000141049 0.000136986 0.000304315 0.000546144 0.000380147 0.000288969 0.000219724 0.000267406 0.00022427 0.000134181 0.000132804 0.000189027 0.000153216 0.000132639 0.000131978 0.000129889 0.000201025 0.000224709 0.000222131 0.000246407 0.00019912 0.000208692
threshold=118759.53515625001 122.71609497070314 0.001090900623239577 33.814289093017585 0.0011743308277800681 49.92937088012696 0.00074542316724546265 102279.89062500001 103500.00390625001 113207.33593750001 34.87321853637696 0.001090900623239577 109352.53515625001 3.4700274467468266 -197.68076324462888 0.0013463103678077462 118269.76562500001 117388.75000000001 32.89970779418946 44.317291259765632 116023.67187500001 113588.92968750001 116011.12109375001 115167.28515625001 0.001090900623239577 117321.68359375001 190.33808898925784 -24.747795104980465 39.592041015625007 97.362636566162124 202.51236724853518 0.00048854964552447211 118901.28515625001 -1.5224617123603819 0.00085883430438116204 117926.28515625001 -52.107608795166009 111855.08593750001 100742.84375000001 65.688957214355483 -11.047173023223875 18.113371849060062 19.084779739379886 58.796354293823249 0.00049210857832804333 112.99330520629884 36.208786010742195 0.00067507298081181954 103031.19140625001 118232.83984375001 79.033340454101577 106026.78125000001 85.820590972900405 106894.81250000001 110.94641113281251 9.3942565917968768 -46.756763458251946 104645.11328125001 0.00065923266811296355 103910.15625000001 105.53328323364259 0.00049566043890081357 102279.89062500001
decision_type=2 2 2 2 2 2 2 2 2 2 2 2 2 2 2 2 2 2 2 2 2 2 2 2 2 2 2 2 2 2 2 2 2 2 2 2 2 2 2 2 2 2 2 2 2 2 2 2 2 2 2 2 2 2 2 2 2 2 2 2 2 2 2
left_child=1 4 18 5 30 16 -5 24 10 11 -7 12 -10 -13 -11 26 17 22 19 31 21 -17 23 27 -8 -19 41 -3 -20 -21 34 39 -33 54 36 -36 37 56 -38 -2 -41 -9 47 -44 45 -45 -47 55 -49 51 -46 52 -50 -53 -34 -40 -1 59 -59 60 61 62 -58
right_child=2 3 -4 6 -6 8 7 15 9 14 -12 13 -14 -15 -16 20 -18 25 28 29 -22 -23 -24 -25 -26 -27 -28 -29 -30 -31 -32 32 33 -35 35 -37 38 -39 42 40 -42 -43 43 44 50 46 -48 48 49 -51 -52 53 -54 -55 -56 -57 57 58 -60 -61 -62 -63 -64
leaf_value=-6.0284853342666116e-05 -7.1315175164406221e-06 -1.3592268462161884e-05 -0.00012783735834930737 0.00013709992064463408 -6.9938471049943172e-05 7.6249765466445066e-05 4.9242490740046683e-05 -5.0102312646534613e-05 -4.4545299583571222e-05 8.7053467346720481e-05 -6.0130603498691933e-05 4.3611471155600157e-05 -0.00023852634862683213 -9.6025615539997231e-05 -2.5217945870748292e-05 4.0356020621155782e-05 9.7484753017959203e-05 -0.00015441809965432185 -6.0947753074104281e-05 -1.0924252375861426e-05 1.8011420951762164e-06 0.00020234695094404741 9.1337921615484703e-05 -6.8102579350054902e-05 0.00015789575651842204 -2.6588470536169775e-05 -3.7031033779232644e-05 3.8744785986286269e-05 -5.6446394825016212e-07 -0.0001322458887443645 -6.0840836954146606e-05 -3.4688352939855785e-05 2.994173268812324e-05 -3.4655735033393595e-06 -1.1928206490477283e-05 -0.00011745870636426344 4.875684560099628e-05 1.4480225031306989e-05 8.757979312928436e-07 -7.3286181225329722e-05 9.73050342192595e-06 3.2718715756467273e-05 -1.7642103734036797e-05 1.6851175584585867e-05 1.2129749798220535e-05 5.9919027132439491e-05 0.00018725242444523216 -5.1051590446764808e-05 1.2528495450279198e-05 8.145138089460396e-05 -2.2736132671630664e-05 -5.8474391573079987e-05 7.5713864389626918e-05 1.2145438965594442e-05 -2.6746295732568558e-05 -3.8069371810578786e-06 9.8022416449442643e-05 -1.3532836741322128e-06 -4.0188204000124731e-05 4.4307832109864731e-05 7.5675663428962885e-05 -5.5619862383419467e-05 -2.1263040902629824e-05
leaf_weight=93 6281 200 65 69 146 132 75 57 51 64 75 60 52 87 148 59 85 50 317 52 52 50 93 65 73 57 137 623 171 57 107 338 1088 1190 1159 58 157 5016 72739 254 207 524 3235 606 382 182 59 142 290 138 994 81 200 1483 114 18971 55 3175 422 470 78 201 110
leaf_count=93 6281 200 65 69 146 132 75 57 51 64 75 60 52 87 148 59 85 50 317 52 52 50 93 65 73 57 137 623 171 57 107 338 1088 1190 1159 58 157 5016 72739 254 207 524 3235 606 382 182 59 142 290 138 994 81 200 1483 114 18971 55 3175 422 470 78 201 110
internal_value=-5.02548e-08 6.80153e-07 -8.24424e-06 1.97433e-05 1.74438e-07 6.25336e-06 4.24152e-05 3.60537e-05 -1.94595e-05 -4.02025e-05 2.68366e-05 -8.16509e-05 -0.000142477 -3.90309e-05 8.67531e-06 2.48095e-05 2.09182e-05 1.49365e-05 -7.47222e-06 -5.8262e-06 7.82113e-05 0.000114664 2.59809e-05 1.91361e-05 0.000102835 -8.63219e-05 1.2835e-05 2.60262e-05 -3.97889e-05 -7.43677e-05 2.6699e-07 -5.03745e-06 5.01056e-06 1.06202e-05 3.26164e-07 -1.69576e-05 5.18647e-07 6.6913e-06 -7.71936e-08 -9.10613e-06 -3.60097e-05 2.45934e-05 -1.54247e-07 -7.85515e-06 6.38723e-06 3.79752e-05 9.10919e-05 2.92688e-07 1.54423e-05 1.97498e-05 -1.30568e-05 1.56043e-05 3.83184e-05 8.48802e-06 2.45653e-05 -9.2866e-08 -1.79464e-06 -5.88785e-07 -5.9094e-06 2.03502e-05 -5.01034e-06 -2.22057e-05 1.84988e-05
internal_weight=123821 113687 10134 2938 110749 1842 1096 1027 669 462 207 250 103 147 212 879 1173 1088 10069 9581 161 109 981 888 148 107 718 823 488 109 110603 9472 2730 2392 110496 1217 109279 9620 99659 6742 461 581 99502 5458 2223 847 241 94044 2334 2192 1376 2054 490 1564 1202 91710 4604 4511 3597 914 444 366 165
internal_count=123821 113687 10134 2938 110749 1842 1096 1027 669 462 207 250 103 147 212 879 1173 1088 10069 9581 161 109 981 888 148 107 718 823 488 109 110603 9472 2730 2392 110496 1217 109279 9620 99659 6742 461 581 99502 5458 2223 847 241 94044 2334 2192 1376 2054 490 1564 1202 91710 4604 4511 3597 914 444 366 165
is_linear=0
shrinkage=0.05


Tree=4
num_leaves=64
num_cat=0
split_feature=1 9 8 15 21 1 12 13 17 21 9 9 15 6 20 9 12 19 3 15 9 13 12 17 9 3 9 15 13 2 19 19 9 21 18 12 17 21 9 10 12 15 3 10 10 9 9 1 2 10 21 13 12 12 15 12 8 6 19 2 12 15 11
split_gain=0.000289051 0.000428667 0.000410588 0.000369054 0.000383122 0.000436284 0.000238882 0.000234349 0.000188878 0.00038637 0.000356358 0.000232158 0.000200516 0.000194555 0.000144763 0.000280385 0.000143599 0.000175549 0.00013915 0.000135815 0.000161512 0.000164669 0.000155887 0.000168254 0.000133778 0.000121937 0.000241952 0.000182218 0.000121808 0.000243309 0.000152052 0.000150412 0.000148649 0.000268641 0.00025104 0.000344865 0.000235725 0.000216385 0.0001933 0.0001726 0.000292082 0.000264677 0.000204072 0.000203704 0.000159824 0.000158449 0.000156753 0.000150688 0.000215905 0.000155648 0.0001443 0.000240689 0.0001584 0.000179012 0.000191644 0.000133805 0.000156395 0.000130215 0.000126429 0.000125976 0.000180835 0.000148257 0.000127199
threshold=118982.37500000001 0.001090900623239577 0.00096771202515810739 -103.81381988525389 163.75043487548831 102320.26171875001 105039.46875000001 202.51236724853518 111797.19531250001 149.42616271972659 0.0011743308277800681 0.00096496517653577041 -197.68076324462888 -0.0013503942755050955 0.0030255166348069911 0.00050239078700542461 119609.28125000001 119308.41015625001 112580.95703125001 21.984829902648929 0.00065923266811296355 57.859260559082038 112176.75000000001 104020.45312500001 0.00091800544760189961 116133.91406250001 0.0011743308277800681 123.01375579833986 -93.296009063720689 117321.68359375001 117637.01562500001 118551.27734375001 0.00074542316724546265 122.71609497070314 113707.49609375001 114123.51953125001 113274.40234375001 103.2223587036133 0.00069181737489998351 112683.76953125001 111269.32031250001 58.796354293823249 110063.94921875001 113108.52734375001 118245.19140625001 0.0011743308277800681 0.00085883430438116204 109082.37890625001 106300.12500000001 110055.03515625001 68.198059082031264 166.28618621826175 118098.30078125001 116872.90234375001 -36.862449645996087 104436.11718750001 0.00050194337381981324 0.00025791660300455993 105054.07421875001 115211.18750000001 114292.41015625001 -57.447423934936516 114659.11328125001
decision_type=2 2 2 2 2 2 2 2 2 2 2 2 2 2 2 2 2 2 2 2 2 2 2 2 2 2 2 2 2 2 2 2 2 2 2 2 2 2 2 2 2 2 2 2 2 2 2 2 2 2 2 2 2 2 2 2 2 2 2 2 2 2 2
left_child=2 14 7 8 19 -6 -7 28 9 -4 11 -11 -10 -12 15 -2 17 -17 -9 -5 -21 -22 23 -23 -14 26 27 -8 29 30 -1 -31 33 38 36 -36 37 45 50 40 42 -42 46 -41 -40 47 -39 48 55 -49 51 58 53 59 -55 56 -34 -48 -30 60 -52 -61 -62
right_child=1 -3 3 4 5 6 25 18 12 10 13 -13 24 -15 -16 16 -18 -19 -20 20 21 22 -24 -25 -26 -27 -28 -29 32 31 -32 -33 34 -35 35 -37 -38 39 44 43 41 -43 -44 -45 -46 -47 57 49 -50 -51 52 -53 -54 54 -56 -57 -58 -59 -60 61 62 -63 -64
leaf_value=5.2265278398505207e-06 -8.1409385046724325e-06 -0.00014955665021126928 4.2745241745522172e-05 3.4167568735318179e-05 0.00018004723542078 -2.1460237879315236e-05 9.8234050671541394e-05 -0.00013164595415778772 8.5243375808162486e-05 -3.7460008388734427e-05 5.5672672101875963e-05 -0.00016740411690457888 -2.9263344145488051e-05 -5.2407060311969132e-05 -1.6093983089969772e-05 -7.8983181760636597e-06 7.3684697116187362e-06 7.4030117272181218e-05 -2.153047958017851e-05 -7.1807011199080778e-05 -3.2474717725666058e-05 4.446958323775758e-05 7.1877234663656633e-05 -2.9442767011372076e-05 5.0437689578349166e-05 8.7882459441878666e-06 0.00014217092455344921 -3.0663938029927246e-05 6.1446592237830386e-06 6.1151318012700413e-05 -6.2773312200828087e-05 1.2419547912334065e-05 -8.6055735828110061e-05 9.3619389448954815e-05 -0.00011960949109190249 -2.0825517812769691e-05 0.00010382368693068922 7.0181482594004293e-05 1.3245705902094678e-05 -7.2010858767002493e-05 0.00018312562329525712 3.0438727681225686e-05 -4.0860408047491451e-05 3.8580747940301734e-05 8.1693799365893945e-05 -8.4702903439639712e-05 4.0442421076299388e-05 5.3704626340979962e-05 -0.00011192193788810441 -1.0489077083371518e-05 -6.7448535515381566e-06 0.00011016042227674917 -2.5763064060444158e-05 3.8025606325526261e-05 -5.735014602805677e-07 2.2128642470438221e-05 -1.5753808464517669e-05 -1.7108128977016861e-05 -1.4909010103725581e-07 -7.348559881468949e-05 0.00010034982906450239 -1.6355906128692335e-05 1.739093128282518e-05
leaf_weight=2503 3888 54 131 742 78 89 58 52 87 56 67 89 162 110 3388 92 501 226 64 65 159 153 134 155 78 59 110 52 8788 327 85 307 101 77 96 1109 53 147 1627 110 51 64 144 67 90 81 184 143 67 278 5274 50 924 474 1000 159 365 211 86720 132 57 813 244
leaf_count=2503 3888 54 131 742 78 89 58 52 87 56 67 89 162 110 3388 92 501 226 64 65 159 153 134 155 78 59 110 52 8788 327 85 307 101 77 96 1109 53 147 1627 110 51 64 144 67 90 81 184 143 67 278 5274 50 924 474 1000 159 365 211 86720 132 57 813 244
internal_value=-4.77416e-08 -9.14943e-06 5.93465e-07 2.01082e-05 3.22477e-05 7.26325e-05 4.98652e-05 1.38734e-07 -8.74635e-06 -2.96508e-05 -5.91038e-05 -0.000117219 2.0213e-05 -1.14955e-05 -8.2128e-06 -2.54009e-06 2.40486e-05 5.03276e-05 -7.08926e-05 1.94554e-05 3.06431e-06 1.11619e-05 2.68592e-05 7.27343e-06 -3.36051e-06 7.26178e-05 8.97357e-05 3.73005e-05 2.11701e-07 9.79378e-06 2.99315e-06 3.75541e-05 -6.97341e-08 2.60931e-07 -1.03146e-05 -2.86954e-05 -3.59998e-07 -2.90223e-06 1.93238e-07 1.45353e-05 2.44093e-05 9.8152e-05 1.20472e-05 -3.01485e-05 1.68336e-05 -1.71853e-05 2.61038e-05 -1.22716e-05 -2.66215e-05 1.13154e-05 -8.02359e-08 4.87434e-07 -6.16292e-06 -3.8974e-06 1.1839e-05 -1.74773e-05 -3.09909e-05 9.70023e-06 4.30018e-07 -7.45498e-06 -4.59355e-06 -2.43359e-05 3.31008e-05
internal_weight=123821 8149 115672 2634 1854 446 368 113038 780 453 322 145 327 177 8095 4707 819 318 116 1408 666 601 442 308 240 279 220 110 112922 3222 2588 634 109700 106270 3430 1205 2225 2172 106193 978 801 115 686 177 1717 1194 542 1113 692 421 104476 95558 8918 7994 1474 625 466 395 95508 6520 5575 945 301
internal_count=123821 8149 115672 2634 1854 446 368 113038 780 453 322 145 327 177 8095 4707 819 318 116 1408 666 601 442 308 240 279 220 110 112922 3222 2588 634 109700 106270 3430 1205 2225 2172 106193 978 801 115 686 177 1717 1194 542 1113 692 421 104476 95558 8918 7994 1474 625 466 395 95508 6520 5575 945 301
is_linear=0
shrinkage=0.05


Tree=5
num_leaves=64
num_cat=0
split_feature=17 1 21 8 10 20 22 7 15 12 15 11 10 17 12 11 21 6 18 7 19 11 12 21 20 22 11 20 15 11 18 22 19 19 20 22 21 20 15 22 7 12 20 10 19 17 17 21 22 12 19 10 17 7 12 4 18 10 2 18 12 17 8
split_gain=0.000316906 0.000275441 0.000342316 0.000306934 0.000213982 0.000176061 0.000218535 0.000222291 0.000253421 0.000413207 0.00065092 0.000185821 0.000239248 0.000165744 0.000499849 0.000270153 0.000238219 0.00016229 0.000149484 0.000432561 0.000400293 0.000223199 0.000252871 0.000148351 0.000213289 0.000147118 0.00023022 0.000144592 0.000132987 0.000188826 0.000215718 0.000152637 0.000143602 0.000382915 0.000202377 0.000171054 0.000137262 0.000133101 0.000132569 0.000131791 0.000129505 0.000128882 0.000127978 0.000125539 0.000125069 0.00016763 0.000162312 0.000331263 0.000306454 0.000267664 0.000186493 0.000175846 0.00016377 0.000206079 0.000157788 0.000208645 0.000156841 0.000151571 0.00018348 0.000136819 0.000183469 0.000122659 0.000118149
threshold=101134.14453125001 118982.37500000001 139.19167327880862 0.00096771202515810739 119631.24218750001 0.0092776729725301283 23.279046058654789 -0.0030022443970665331 18.862352371215824 121644.70703125001 -35.388648986816399 119504.46484375001 122609.30468750001 103174.19921875001 106174.39062500001 104931.59375000001 132.35635375976565 1.0000000180025095e-35 103031.19140625001 -0.0022974752355366941 102773.85156250001 104221.55078125001 103907.37890625001 49.48472976684571 0.0015132687403820457 21.512129783630375 104080.91796875001 0.0035383739741519098 -62.13041687011718 104594.94140625001 112361.97265625001 8.233640670776369 115537.81640625001 116159.04687500001 0.0052940798923373231 26.973749160766605 73.309806823730483 0.010263639036566021 41.232648849487312 58.189916610717781 0.0017758409958332779 102598.87890625001 0.0065728724002838143 120932.78906250001 118733.88281250001 118409.63281250001 111501.71093750001 139.19167327880862 58.189916610717781 115384.72656250001 116869.10937500001 115787.65234375001 114817.33984375001 -0.00021238745830487457 109567.10546875001 37.443759918212898 111233.45703125001 110997.36328125001 111402.72265625001 114370.73046875001 113197.69140625001 104145.64453125001 0.00080881197936832916
decision_type=2 2 2 2 2 2 2 2 2 2 2 2 2 2 2 2 2 2 2 2 2 2 2 2 2 2 2 2 2 2 2 2 2 2 2 2 2 2 2 2 2 2 2 2 2 2 2 2 2 2 2 2 2 2 2 2 2 2 2 2 2 2 2
left_child=-1 3 5 18 -4 6 23 -8 9 10 -9 -10 17 41 15 16 -15 -13 19 20 -2 22 62 -3 -25 26 -24 -26 29 -23 -31 36 34 -34 35 -32 -30 40 -38 -35 61 -5 -6 -29 46 -46 48 51 54 59 -51 52 53 -48 55 -16 -50 -56 -59 60 -49 -33 -20
right_child=1 2 4 13 42 -7 7 8 11 -11 -12 12 -14 14 44 -17 -18 -19 21 -21 -22 28 25 24 27 -27 -28 43 31 30 32 37 33 39 -36 -37 38 -39 -40 -41 -42 -43 -44 -45 45 -47 47 49 56 50 -52 -53 -54 -55 57 -57 -58 58 -60 -61 -62 -63 -64
leaf_value=2.8403205019215972e-05 -2.8669174784014318e-05 -1.2927854625961708e-05 -0.00014186403902255863 2.5218410871381424e-05 -9.2652199070641936e-05 7.4633859196462894e-05 3.9045858324016086e-05 -6.6083279155691344e-05 -6.3198282724319379e-05 1.8517051926715392e-05 -0.00026778224292320373 8.9451861250137621e-05 -8.5057627727390069e-05 3.5187016326649187e-05 3.1851037535722703e-05 -0.00013254991234724594 -8.0761957018782033e-05 -1.6577174875230173e-06 1.4776661062067962e-06 -7.364241013484819e-06 -0.00020623207389555183 5.5551692698448586e-05 7.3212865750928144e-05 8.6254954802738316e-05 7.8433116534607586e-06 -1.5586381480308849e-05 1.8912238548342861e-05 -1.9660097140932124e-05 1.0516510897612075e-06 -4.9845773128154398e-06 2.9729889154993658e-05 -5.2794677878604259e-05 -4.1899063740986881e-05 1.608663927439761e-05 -8.711532607632514e-06 8.7942697958668216e-05 -1.195131892329022e-05 -5.8389095477091652e-05 -7.8824772665878913e-05 -6.2249874502991919e-05 3.326609433388561e-06 9.3172287621409418e-05 -2.1060817780380604e-06 1.7914066693182662e-05 -6.7945810827418093e-05 4.5505938869946813e-05 -3.7750965025859038e-05 0.00012664979518732937 -1.8694990516422201e-05 -4.741329891788025e-05 6.5025840939159503e-05 4.8684087359553046e-05 -9.0207565133718724e-05 5.0939790812111767e-05 -2.4680014570255776e-05 0.00014788582228782547 -0.00012335634140526962 0.0001164582991097834 -1.1091833700170278e-05 0.00016738215262724528 1.5415227727923291e-05 -4.2987349715565167e-06 7.3383729502862576e-05
leaf_weight=976 77 3278 70 163 64 65 96 200 128 90 50 82 52 95 144 74 83 121 1799 1602 54 192 361 73 2255 120 425 1160 66094 2904 679 131 350 2255 278 155 304 109 98 55 6466 122 100 275 82 54 130 97 126 56 108 226 52 132 172 53 50 54 59 72 60 27788 59
leaf_count=976 77 3278 70 163 64 65 96 200 128 90 50 82 52 95 144 74 83 121 1799 1602 54 192 361 73 2255 120 425 1160 66094 2904 679 131 350 2255 278 155 304 109 98 55 6466 122 100 275 82 54 130 97 126 56 108 226 52 132 172 53 50 54 59 72 60 27788 59
internal_value=2.46025e-08 -2.00988e-07 -9.07733e-06 4.30863e-07 -6.86788e-05 -7.31749e-06 -7.9952e-06 -3.24405e-05 -4.19324e-05 -7.33507e-05 -0.000106423 -1.40415e-05 1.06332e-05 1.86581e-05 1.35242e-05 -5.22586e-05 -1.88791e-05 3.51452e-05 6.35756e-08 -1.45075e-05 -0.000101863 2.91846e-07 1.43217e-05 -5.15176e-06 1.62209e-06 3.59792e-05 4.38518e-05 -5.22159e-08 -6.76865e-08 6.66476e-06 5.25879e-06 -5.25538e-07 1.3145e-05 6.8372e-06 2.82337e-05 4.05488e-05 8.74486e-07 -3.22444e-06 -2.82538e-05 1.42215e-05 -3.04957e-06 5.43074e-05 -3.74412e-05 -1.24595e-05 2.31231e-05 -2.28988e-05 2.70571e-05 4.04687e-05 8.04024e-06 7.53921e-05 2.6632e-05 1.50523e-05 -9.15403e-06 6.93293e-06 2.86595e-05 6.30685e-05 -4.84283e-05 4.87497e-06 4.98613e-05 0.000110312 8.41398e-05 -4.52628e-06 3.76101e-06
internal_weight=123754 122778 8159 114619 234 7925 7860 819 723 340 250 383 255 2264 1979 252 178 203 112355 1733 131 110622 2764 7041 3763 906 786 3690 107858 6868 6676 100990 3772 2660 1112 834 66496 34494 402 2310 34385 285 164 1435 1727 136 1591 933 658 393 164 540 314 262 482 197 176 285 113 229 157 27919 1858
internal_count=123754 122778 8159 114619 234 7925 7860 819 723 340 250 383 255 2264 1979 252 178 203 112355 1733 131 110622 2764 7041 3763 906 786 3690 107858 6868 6676 100990 3772 2660 1112 834 66496 34494 402 2310 34385 285 164 1435 1727 136 1591 933 658 393 164 540 314 262 482 197 176 285 113 229 157 27919 1858
is_linear=0
shrinkage=0.05


Tree=6
num_leaves=64
num_cat=0
split_feature=17 1 9 8 9 22 12 12 9 9 15 20 9 17 12 9 14 18 15 20 12 2 12 8 8 13 12 17 15 9 9 13 22 2 19 12 10 12 22 18 15 15 22 12 15 12 10 19 10 18 22 1 7 20 22 8 10 7 9 13 14 1 15
split_gain=0.000286008 0.000248586 0.000431461 0.000277008 0.00018031 0.000341354 0.000209933 0.000514151 0.000350741 0.00029606 0.000180712 0.000155402 0.000229862 0.000149584 0.000451114 0.000290714 0.000358823 0.000346498 0.000145443 0.000383058 0.000153593 0.00014105 0.000153129 0.000155658 0.000148899 0.000136699 0.000189189 0.000325541 0.000289654 0.000136337 0.000194512 0.000289806 0.000454117 0.000164484 0.00032659 0.000420951 0.000219886 0.000438424 0.000719827 0.000312034 0.000248671 0.000172799 0.000170526 0.000159941 0.000156304 0.000176129 0.000169731 0.000177905 0.000239353 0.000164645 0.000150824 0.000181793 0.000190195 0.000145129 0.000140584 0.000139599 0.000132556 0.000305921 0.000128404 0.000251465 0.000297611 0.000200669 0.00020135
threshold=101134.14453125001 118982.37500000001 0.001090900623239577 0.00096771202515810739 0.00074542316724546265 9.0942463874816912 118340.75781250001 117350.58984375001 0.0010200860560871663 0.00083437893772497784 72.181610107421889 0.0030695003224536781 0.00042379707156214868 103174.19921875001 106174.39062500001 0.0010200860560871663 1.0567687153816225 104842.71875000001 35.389303207397468 0.0016816516290418806 119269.01562500001 118086.18359375001 117726.86328125001 0.00074417807627469312 0.00080881197936832916 -109.48759841918944 109419.24609375001 111797.19531250001 -197.68076324462888 0.0005754426820203663 0.00049210857832804333 111.31571197509767 38.419780731201179 102600.01562500001 104038.90234375001 103706.19531250001 111671.68359375001 112446.49218750001 25.28387546539307 109928.55859375001 22.870720863342289 -103.81381988525389 9.97735643386841 108973.58203125001 -67.941337585449205 104102.05468750001 104586.76171875001 110777.71875000001 107797.60546875001 118759.53515625001 22.061120033264164 104091.83984375001 -0.0038524352712556715 0.0033582064788788561 10.731721401214601 0.00061179557815194141 110520.53906250001 0.0044114345218986281 0.0011743308277800681 111.31571197509767 44.317291259765632 116180.78515625001 93.509113311767592
decision_type=2 2 2 2 2 2 2 2 2 2 2 2 2 2 2 2 2 2 2 2 2 2 2 2 2 2 2 2 2 2 2 2 2 2 2 2 2 2 2 2 2 2 2 2 2 2 2 2 2 2 2 2 2 2 2 2 2 2 2 2 2 2 2
left_child=-1 3 11 4 29 -6 7 -7 10 -8 21 12 -3 -5 15 17 -17 -15 20 -20 -14 22 24 -24 -9 26 -16 -28 -29 30 31 44 56 -31 35 -35 39 38 40 43 42 -39 -38 50 45 -2 -47 48 -48 -49 51 -36 -53 -52 -46 -44 57 -33 59 -27 -61 62 -60
right_child=1 2 -4 13 5 6 9 8 -10 -11 -12 -13 18 14 25 16 -18 -19 19 -21 -22 -23 23 -25 -26 58 27 28 -30 33 -32 32 -34 34 36 -37 37 41 -40 -41 -42 -43 55 -45 54 46 47 49 -50 -51 53 52 -54 -55 -56 -57 -58 -59 61 60 -62 -63 -64
leaf_value=2.6983045113386892e-05 -7.8273375402204698e-05 -1.0377108475215693e-05 -0.00015359872725407604 5.1592066779538696e-05 -7.8111550925446185e-05 -2.2201532133444929e-06 -3.7293885649308906e-05 -3.2909005839710835e-05 -0.00017537576903506354 0.0001119328530437867 4.6132835777825682e-05 -1.6129176147735393e-05 4.4587192526519811e-05 5.9838978623524419e-05 7.8849669609874524e-05 -1.2735909516571688e-05 -0.00018992028001981278 -0.00010533283309814578 0.00014658247659319774 1.8191226057348742e-05 -4.6949784377070586e-06 -0.00013062054857519405 -7.0907834378886042e-05 2.3656861944697415e-05 -0.00014884706869675287 3.7377502549234816e-05 -7.3235366481493806e-05 9.5362689046004539e-05 -1.1369407956667563e-05 -5.9766815214853498e-05 -7.2858055213295219e-06 9.1712878732425995e-05 0.00017870500369463117 1.8803061618390806e-05 9.4964157849770155e-05 0.00015704487152870121 4.9824408008481406e-06 4.5813292159756745e-05 0.00020141483234367209 -3.7299129641976722e-05 -3.2825533379807544e-05 5.3414295507961229e-06 3.9172484821392577e-05 2.9943086937658452e-05 8.0165637975217959e-07 8.2894754447854731e-05 1.6081418054909593e-05 2.506710858258338e-05 -4.3401497984800064e-05 -4.3793979680527707e-05 2.2433913398713957e-05 -7.3577812888743206e-05 4.9480804110387258e-06 -3.5375758164867922e-05 -4.961807055999401e-06 0.00014180212379574802 4.2586364200695378e-06 -4.0962088785848023e-05 3.5654227321217711e-05 -5.6549632605066757e-05 8.0727352836290202e-05 -1.5156126056692803e-05 0.00015766094305172997
leaf_weight=976 52 3046 51 285 179 2966 55 58 57 84 50 3271 186 87 68 53 62 50 66 485 1054 53 72 110 53 790 143 87 236 93 8596 151 50 172 54 81 84 283 76 574 105 3875 60 461 75763 88 400 1537 293 92 138 80 2135 509 12298 74 383 61 63 164 52 51 73
leaf_count=976 52 3046 51 285 179 2966 55 58 57 84 50 3271 186 87 68 53 62 50 66 485 1054 53 72 110 53 790 143 87 236 93 8596 151 50 172 54 81 84 283 76 574 105 3875 60 461 75763 88 400 1537 293 92 138 80 2135 509 12298 74 383 61 63 164 52 51 73
internal_value=2.33724e-08 -1.90938e-07 -8.62346e-06 4.0932e-07 6.03968e-08 -1.07383e-05 -7.34884e-06 -9.79771e-06 -5.94115e-05 5.28863e-05 -4.27196e-05 -7.71156e-06 -2.01918e-06 1.77252e-05 1.2848e-05 -4.96457e-05 -0.000108261 -4.42704e-07 1.21954e-05 3.35702e-05 2.69735e-06 -5.55596e-05 -4.1982e-05 -1.37533e-05 -8.82668e-05 2.19669e-05 9.41e-07 -1.04276e-05 1.73789e-05 4.31927e-07 -9.57999e-08 5.82128e-07 3.39787e-05 6.37818e-06 7.08032e-06 6.30623e-05 5.4156e-06 1.29002e-05 6.29651e-05 -3.21699e-06 3.03887e-05 8.09601e-06 6.08359e-05 2.57607e-06 3.44168e-07 1.27699e-05 1.47343e-05 1.21512e-05 -9.06792e-06 2.11781e-05 -1.75048e-06 4.32172e-06 2.11193e-06 -2.30454e-05 -3.2297e-09 9.58486e-05 2.18168e-05 5.35375e-05 3.13784e-05 2.43061e-05 -2.35015e-05 6.94251e-05 0.000101143
internal_weight=123754 122778 8159 114619 112355 3737 3558 3419 453 139 396 8108 4837 2264 1979 252 115 137 1791 551 1240 346 293 182 111 1727 534 466 323 108618 99764 91168 645 8854 8761 253 8508 4557 399 3951 323 4158 218 3377 90523 2462 2410 2322 693 1629 2916 2269 2215 647 88061 134 595 212 1193 1006 216 187 136
internal_count=123754 122778 8159 114619 112355 3737 3558 3419 453 139 396 8108 4837 2264 1979 252 115 137 1791 551 1240 346 293 182 111 1727 534 466 323 108618 99764 91168 645 8854 8761 253 8508 4557 399 3951 323 4158 218 3377 90523 2462 2410 2322 693 1629 2916 2269 2215 647 88061 134 595 212 1193 1006 216 187 136
is_linear=0
shrinkage=0.05


end of trees

feature_importances:
vol_60m=59
macd_hist=39
ema_50=36
bb_width=28
atr_14=28
bb_high=27
vol_ma_20=27
macd_signal=22
bb_low=21
bb_mid=21
macd=18
vol_15m=17
ema_10=17
ret_15m=16
ema_20=16
low=14
close=11
high=10
ret_5m=5
vol_ma_ratio=4
open=2
volume=2
rsi_14=1

parameters:
[boosting: gbdt]
[objective: regression]
[metric: rmse]
[tree_learner: serial]
[device_type: cpu]
[data_sample_strategy: bagging]
[data: ]
[valid: ]
[num_iterations: 2000]
[learning_rate: 0.05]
[num_leaves: 64]
[num_threads: 0]
[seed: 0]
[deterministic: 0]
[force_col_wise: 0]
[force_row_wise: 0]
[histogram_pool_size: -1]
[max_depth: -1]
[min_data_in_leaf: 50]
[min_sum_hessian_in_leaf: 0.001]
[bagging_fraction: 0.8]
[pos_bagging_fraction: 1]
[neg_bagging_fraction: 1]
[bagging_freq: 5]
[bagging_seed: 3]
[bagging_by_query: 0]
[feature_fraction: 0.8]
[feature_fraction_bynode: 1]
[feature_fraction_seed: 2]
[extra_trees: 0]
[extra_seed: 6]
[early_stopping_round: 0]
[early_stopping_min_delta: 0]
[first_metric_only: 0]
[max_delta_step: 0]
[lambda_l1: 0]
[lambda_l2: 0]
[linear_lambda: 0]
[min_gain_to_split: 0]
[drop_rate: 0.1]
[max_drop: 50]
[skip_drop: 0.5]
[xgboost_dart_mode: 0]
[uniform_drop: 0]
[drop_seed: 4]
[top_rate: 0.2]
[other_rate: 0.1]
[min_data_per_group: 100]
[max_cat_threshold: 32]
[cat_l2: 10]
[cat_smooth: 10]
[max_cat_to_onehot: 4]
[top_k: 20]
[monotone_constraints: ]
[monotone_constraints_method: basic]
[monotone_penalty: 0]
[feature_contri: ]
[forcedsplits_filename: ]
[refit_decay_rate: 0.9]
[cegb_tradeoff: 1]
[cegb_penalty_split: 0]
[cegb_penalty_feature_lazy: ]
[cegb_penalty_feature_coupled: ]
[path_smooth: 0]
[interaction_constraints: ]
[verbosity: -1]
[saved_feature_importance_type: 0]
[use_quantized_grad: 0]
[num_grad_quant_bins: 4]
[quant_train_renew_leaf: 0]
[stochastic_rounding: 1]
[linear_tree: 0]
[max_bin: 255]
[max_bin_by_feature: ]
[min_data_in_bin: 3]
[bin_construct_sample_cnt: 200000]
[data_random_seed: 1]
[is_enable_sparse: 1]
[enable_bundle: 1]
[use_missing: 1]
[zero_as_missing: 0]
[feature_pre_filter: 1]
[pre_partition: 0]
[two_round: 0]
[header: 0]
[label_column: ]
[weight_column: ]
[group_column: ]
[ignore_column: ]
[categorical_feature: ]
[forcedbins_filename: ]
[precise_float_parser: 0]
[parser_config_file: ]
[objective_seed: 5]
[num_class: 1]
[is_unbalance: 0]
[scale_pos_weight: 1]
[sigmoid: 1]
[boost_from_average: 1]
[reg_sqrt: 0]
[alpha: 0.9]
[fair_c: 1]
[poisson_max_delta_step: 0.7]
[tweedie_variance_power: 1.5]
[lambdarank_truncation_level: 30]
[lambdarank_norm: 1]
[label_gain: ]
[lambdarank_position_bias_regularization: 0]
[eval_at: ]
[multi_error_top_k: 1]
[auc_mu_weights: ]
[num_machines: 1]
[local_listen_port: 12400]
[time_out: 120]
[machine_list_filename: ]
[machines: ]
[gpu_platform_id: -1]
[gpu_device_id: -1]
[gpu_use_dp: 0]
[num_gpu: 1]

end of parameters

pandas_categorical:null
